6032.63 5585.62
6033.83 5585.80
6026.04 5580.84
6044.37 5573.30
6042.56 5569.66
6004.59 5585.89
5992.30 5578.10
6011.91 5574.18
6011.93 5578.14
6012.06 5577.32
6006.98 5567.46
6005.13 5585.74
6232.25 5569.62
6234.08 5566.25
6250.93 5568.52
6248.47 5565.15
6245.74 5563.41
6231.81 5572.09
6233.84 5578.66
6236.51 5564.11
6248.29 5580.21
6027.64 5565.97
6030.59 5575.59
6028.27 5566.60
6021.48 5563.33
6020.83 5583.31
6010.86 5573.69
6025.03 5564.23
6014.74 5565.39
6224.01 5580.87
6234.69 5564.57
6235.37 5577.60
6223.85 5580.80
6223.90 5580.82
6226.46 5581.43
6218.53 5575.98
6232.35 5580.20
6237.28 5569.61
5972.63 5560.13
5975.09 5566.62
5976.78 5568.16
5988.27 5551.79
5980.17 5569.74
5985.54 5569.62
5989.25 5552.55
5998.05 5560.81
5981.24 5553.36
5983.49 5569.58
5980.13 5566.79
5996.59 5555.48
5997.98 5561.82
5979.14 5565.22
5984.71 5569.94
5975.73 5561.66
5994.15 5554.81
5985.14 5549.99
5981.01 5568.87
5980.05 5568.30
5994.72 5555.89
5976.47 5564.09
6027.68 5567.11
6013.43 5560.54
6021.33 5568.02
6017.74 5549.78
6018.10 5566.82
6023.35 5548.19
6013.31 5559.98
6032.92 5560.31
6027.97 5549.43
6123.34 5567.14
6126.56 5549.73
6121.65 5565.44
6128.55 5569.23
6132.27 5549.67
6135.78 5551.48
6138.43 5554.74
6138.71 5563.21
6138.94 5562.62
6141.41 5548.36
6137.59 5563.70
6136.19 5561.29
6135.51 5556.45
6148.44 5547.97
6154.68 5561.36
6139.38 5549.57
6142.97 5547.82
6147.95 5567.19
6154.72 5566.38
6156.02 5566.92
6159.43 5567.45
6166.27 5564.55
6169.17 5556.37
6149.63 5560.23
6157.29 5547.64
6167.91 5562.42
6149.24 5557.90
6232.03 5566.95
6224.68 5557.72
6238.51 5566.53
6240.86 5565.16
