2 2000 2
9315.13 2018.00
5279.08 7822.10
8768.35 2097.00
3112.40 4738.03
7777.68 3318.10
7460.26 2473.84
8401.73 2751.76
8398.82 2343.87
4884.54 5970.92
8588.23 2238.27
6074.29 6557.12
5871.77 6450.57
8840.62 2828.39
8022.85 3244.12
9113.83 2712.65
7953.58 5607.54
8844.17 3298.07
7844.66 8196.59
9341.16 7169.65
7979.12 2489.95
7587.87 3467.52
6077.14 6573.56
4508.29 8331.58
8692.29 3107.73
4782.22 5912.63
8032.84 3363.57
4331.66 8979.90
6558.71 3724.97
6138.05 3464.60
1691.86 6205.47
6518.49 3448.00
7648.88 3296.75
8494.77 2904.70
7581.35 7321.58
6820.73 3699.94
5803.09 8508.88
7006.43 5150.98
4135.41 6389.90
7750.01 2985.84
7498.81 2946.15
8018.36 3365.03
8691.97 3233.18
6944.77 3608.56
9045.91 5865.45
8605.56 2194.16
706.01 7030.61
8338.45 3318.14
5855.80 6572.58
5072.20 8227.59
9214.76 3248.33
1531.28 7552.08
7536.44 3367.77
7010.25 3442.41
8403.25 2654.94
9379.07 1667.20
7430.42 6034.46
9024.12 5691.08
4810.71 5986.54
5937.78 6401.21
7668.45 3073.06
8588.73 2758.93
9059.15 7555.24
1796.12 6192.97
9080.15 2210.53
1409.66 6420.95
8750.12 2870.28
8210.40 2917.07
8942.79 2546.23
7845.38 2474.75
5876.23 8287.50
9051.83 2747.93
7117.76 4031.41
3734.49 6323.74
8529.19 3087.16
5255.03 7921.20
4113.05 6889.02
6220.69 6821.79
7591.59 3605.72
7225.22 3627.60
7935.80 3433.94
7490.20 3312.96
8479.85 2874.07
6197.58 9262.18
8837.04 2756.25
7994.21 4259.96
8504.46 2578.68
8619.17 2375.14
8767.21 4312.14
3547.64 7847.26
9048.67 2313.32
6125.48 3943.47
1877.39 5819.61
8807.52 2535.25
9308.39 2161.11
7584.34 3447.29
7877.20 6593.69
8055.99 2503.90
7276.78 3049.62
740.47 7499.59
9396.18 7095.78
8902.76 3377.01
1759.02 6276.65
7485.26 2445.26
8819.11 3009.61
5046.13 6412.25
5796.50 5144.23
5742.93 6621.31
8369.03 3027.91
8539.09 2431.02
5817.49 7780.02
5366.21 9334.93
7087.35 479.65
8487.50 2744.05
6273.79 3743.45
5787.23 6401.03
3060.67 7282.59
8077.29 2627.63
7580.28 2948.20
5623.35 8856.16
8366.10 3208.59
8243.35 3042.62
5765.35 7710.00
5343.92 8719.02
7580.04 2848.02
7092.35 3997.03
7971.42 2942.43
7591.34 3626.52
3878.40 6371.40
9110.53 6629.92
8194.77 2729.79
7252.22 3635.82
2269.16 5435.20
5514.81 3567.73
7581.50 2935.93
8960.73 6038.34
4423.06 6335.06
8185.62 2413.59
7117.32 3703.34
7803.69 4368.18
9087.71 2668.90
5481.12 8877.14
8007.72 2462.78
8927.96 6043.12
5221.10 3784.24
4236.86 8512.25
7512.97 3726.66
8785.50 2979.63
7983.05 3085.38
9093.45 2283.90
8541.68 5902.33
7617.52 3335.96
7458.55 3801.49
7943.07 3167.90
2062.95 6942.57
3929.69 5539.78
7891.30 3090.30
5971.90 8497.24
6285.25 3266.95
7687.17 2628.76
8490.19 5917.02
8535.17 2516.14
5064.04 6963.82
8893.86 2377.58
8999.31 2223.06
5814.06 6729.34
7522.74 2734.21
5479.72 3625.67
6850.04 3492.18
9250.64 1680.22
9231.70 1782.46
8020.52 2787.30
7758.61 2316.75
5754.11 6629.78
9022.47 2372.42
7960.45 5550.61
3027.51 7008.77
7658.79 2848.05
1888.94 4818.15
3286.19 7551.97
7372.03 3094.43
8619.01 5603.02
6036.41 6594.27
8697.61 3138.73
7660.17 2673.32
9286.05 1836.57
7979.84 2843.32
8085.35 3342.85
5757.83 3902.61
8610.42 2669.02
7851.85 5238.83
7862.61 3650.55
5280.25 6780.46
6232.49 6825.77
4196.49 6653.99
7727.92 5083.01
6410.92 6472.72
5273.78 7573.16
9397.52 2025.19
5210.19 8097.89
9019.92 2194.46
7816.69 2758.03
8544.51 3359.49
4753.31 6890.94
7818.65 2605.78
8436.77 3167.36
2139.52 4759.37
9199.88 3091.50
2332.41 5302.05
7555.14 3823.74
1795.51 5928.00
7081.95 7457.30
7859.49 2767.66
7677.44 3442.23
8236.98 3327.66
2579.01 5833.59
9225.32 7510.43
7816.01 2758.78
7332.76 3071.54
5131.79 8918.74
8848.56 2036.98
4961.52 5446.43
9748.85 1816.23
8212.32 2645.33
6179.02 6227.99
5650.88 5219.78
5825.39 9125.94
9225.50 3287.33
9440.06 6014.63
7550.03 2950.56
7483.05 2776.11
8594.13 3364.14
8481.75 2663.97
7768.70 3312.94
6273.65 3332.40
8400.59 2659.42
1506.63 6448.05
8775.49 2406.98
8060.37 3200.72
8052.15 2899.12
5932.83 6552.64
8556.15 5838.13
9081.30 6157.21
7601.21 2862.60
4342.58 8928.49
9116.75 6716.21
7583.65 6078.77
8719.48 6361.00
4736.56 7831.75
7910.15 2936.18
7830.08 2599.96
5916.11 6538.79
8867.78 3007.99
7683.26 2917.23
7878.73 2796.71
7175.40 5025.29
5511.43 5693.80
7199.77 4174.41
7410.92 3714.07
2483.42 5356.73
3558.11 6415.66
4584.71 7416.76
7623.37 2730.39
4587.98 6090.67
6206.05 6507.65
5110.76 8635.76
4027.27 4120.34
7748.72 5190.66
9620.59 1658.32
4846.87 5858.42
8763.41 3172.17
7632.46 3241.04
1666.24 7142.00
8583.04 2350.96
8130.19 2753.59
8336.71 3173.85
8499.28 6829.75
1755.89 7196.98
8029.39 3243.51
8263.62 5962.56
8182.32 5729.48
7559.90 2451.29
5003.68 8033.54
8640.11 4796.80
8632.50 3250.80
6271.25 3410.39
4947.48 6291.83
3948.49 4331.04
4442.34 4091.73
8389.22 2653.91
8566.76 2941.10
7400.92 3433.42
7273.18 3080.65
7548.64 2808.92
8522.39 2389.50
8761.56 2229.59
7539.88 2628.43
7561.54 2591.93
1278.50 6498.14
4319.02 8956.66
9346.55 7256.38
2333.76 5607.82
6651.62 7703.17
8217.86 2896.04
8875.01 5694.20
8113.88 3412.07
7718.62 2738.33
8051.59 4580.58
7778.69 3476.28
9203.37 3213.68
5716.42 8752.06
4044.21 7272.84
8979.74 2357.84
7332.21 5395.49
8498.88 2591.37
6030.12 6549.71
9254.45 7102.87
9090.22 1868.00
9365.63 2050.50
8832.29 2438.81
5200.64 4082.94
7540.24 2655.51
8677.26 2591.11
6875.04 3482.94
8221.13 3306.39
5900.09 6464.28
8274.60 3432.81
8762.81 5694.48
8552.84 2550.51
7583.65 2432.51
6964.63 3578.21
4686.18 8808.77
8383.87 2633.94
2784.00 7349.61
6266.38 6800.29
9601.06 2028.05
7232.91 7183.18
3944.01 8807.64
6078.37 6610.95
7203.45 3608.70
6643.32 3665.51
8843.36 3399.60
9082.31 3276.58
8084.85 5694.11
8702.39 2151.78
2688.12 5744.15
8307.98 3046.96
9184.67 2073.09
6890.50 3414.11
7496.24 3135.05
7871.19 2891.01
7967.64 2464.41
8813.52 2667.79
9006.24 2560.01
9152.48 2067.71
5137.51 8871.47
9268.11 2161.02
4857.12 9231.91
1853.59 6085.50
5751.29 6619.90
7341.56 5891.62
5946.09 3656.54
8537.03 5908.47
8636.00 2392.24
8181.57 2909.88
8700.78 2668.94
8372.94 2948.61
8088.43 4587.17
8488.50 3130.90
8290.24 3020.36
7341.11 5930.85
613.38 7027.23
9423.11 2154.81
8664.17 3214.80
8540.30 2373.73
8673.35 2684.84
2209.30 5695.28
8851.62 2386.99
8349.20 2815.88
8050.99 3232.41
5846.62 6614.64
4947.29 5757.55
8633.39 2246.73
6558.19 3424.44
2296.07 5864.20
8129.64 3395.65
8196.22 2416.90
7895.34 2505.27
8735.26 2649.19
9477.16 2134.41
7420.32 3672.30
8855.97 2386.57
7309.00 3074.15
7598.08 2905.21
7759.27 2990.48
8812.95 2305.56
6325.60 3403.46
1267.43 6483.62
8740.04 3368.72
7948.10 2932.65
7934.13 2787.27
6009.04 6256.40
8009.73 5656.68
2269.10 5682.81
6867.20 6021.29
8962.10 5935.36
1251.52 6542.89
8721.10 2862.80
2535.14 6009.41
6958.96 3543.35
1270.24 6486.91
1966.75 5963.22
6125.89 6821.00
8621.37 2610.87
5553.17 7757.99
7682.65 3324.28
9121.95 2296.00
3806.84 7140.15
7755.63 2903.57
6317.58 3777.72
7796.97 3339.81
1780.07 6745.46
7958.74 5887.37
8469.11 2488.98
4667.24 9330.21
6023.36 3559.09
7787.36 3022.24
8525.96 2486.35
7118.38 3616.61
5761.16 6432.30
8596.78 2606.00
7614.30 2520.40
5244.34 4129.79
1612.74 6250.54
6503.70 3702.49
8351.22 2465.13
8638.85 2383.08
5248.36 6843.63
7131.00 6087.85
8407.15 2624.09
7530.23 3252.58
5228.42 3743.66
8270.49 2831.63
7840.54 2803.89
1603.33 6096.63
7904.10 3036.57
6039.20 6555.58
8714.47 2856.41
6456.87 6622.00
8255.22 3094.77
3984.45 8912.39
5003.28 8041.43
9131.62 1833.10
7989.73 3153.24
5446.36 8864.81
6406.60 3459.65
6019.61 8302.83
7819.44 3252.34
7646.64 3484.56
5432.18 9539.09
8203.26 4815.02
7476.17 2747.88
5682.18 4896.69
8642.18 2517.08
8428.19 2752.73
6412.15 7100.94
8640.32 3253.05
7784.45 5314.07
7940.29 3260.43
8923.35 2510.97
630.47 6955.31
7498.43 2681.51
6438.53 3409.84
8807.23 2503.96
8708.10 2660.98
7321.41 1529.34
9411.39 1633.20
4619.91 6976.09
7844.96 2793.37
7799.91 3028.79
9374.31 5563.45
7669.05 3508.10
7626.46 5338.72
2017.25 5075.51
8154.28 2623.93
8394.07 2365.60
8770.76 7109.09
9346.23 1657.10
9034.98 1897.64
9176.49 2230.99
1659.43 6215.06
8223.69 2718.26
8798.36 5464.73
9054.48 2650.97
8689.34 4359.66
5600.54 6527.50
8932.85 2564.14
9020.60 3029.29
7942.55 3252.58
8127.13 3113.29
8778.95 3258.36
5047.32 8639.51
2602.56 6004.59
8340.13 4513.76
7052.34 3529.99
8220.66 5703.01
7418.73 3266.48
5882.56 3823.10
8623.58 2680.44
6640.53 4160.42
8638.30 5819.25
8862.79 2599.14
4896.63 9001.73
8946.54 3389.28
7773.65 2720.53
8710.58 2590.13
5876.28 6418.90
5362.14 3679.86
6929.17 3547.45
8856.88 2388.68
8066.94 3198.96
4512.26 8376.22
5693.11 6384.37
8047.77 2675.55
9052.45 2275.67
8054.62 4568.45
5626.19 4930.40
7727.59 2565.43
5846.06 6340.22
3188.46 4600.84
8980.93 2471.33
8477.12 3287.74
7074.10 3700.54
6492.35 3995.91
7131.56 4868.88
9022.63 5717.19
4306.99 9031.98
8879.94 2526.51
9251.73 2090.14
3967.55 8020.00
8727.24 2426.06
3370.82 8029.66
3784.44 7689.93
5240.56 3794.92
2504.79 4978.69
8547.67 5918.98
2047.02 5575.98
5572.91 8702.29
6324.45 8386.32
9127.81 2721.97
4206.56 8382.27
8333.31 2681.22
5841.35 3958.11
8199.07 2681.60
8468.11 2655.66
7402.49 3047.88
7986.34 3245.92
1649.30 7147.44
8561.63 3120.69
7281.14 4208.13
7215.73 3699.13
8990.56 3029.77
8185.21 4469.06
8126.58 5469.27
5260.35 8937.43
6399.63 6115.53
3912.08 8955.27
2234.76 4812.08
8775.87 2395.30
2908.21 4591.58
8788.26 2313.23
9554.42 2110.56
7841.54 3635.72
8576.13 3048.69
6090.91 3470.15
8099.10 3223.52
4971.36 6304.58
7381.96 3663.49
9118.34 1899.42
8607.11 2575.92
8112.02 2421.62
7775.35 2783.92
7544.24 3211.83
7403.61 5892.92
7597.89 7202.13
2115.39 5924.24
2712.19 4907.00
9355.14 1665.64
8511.17 2320.58
7976.29 3427.11
8316.63 3483.52
7928.61 3388.64
7546.73 2539.20
3444.34 5868.20
9083.17 6003.78
8778.94 3292.54
3559.09 4475.51
6984.10 3734.45
9376.95 7163.49
8239.42 2673.15
5722.17 6602.74
7274.17 3660.75
7521.34 2984.81
3441.68 8331.57
8561.90 2317.06
8028.73 2680.23
7601.75 2533.46
8781.99 2447.18
9304.06 1799.01
2289.13 4212.35
5500.96 3582.78
8072.26 2939.18
6310.86 6660.19
7757.44 3089.77
7425.56 3796.91
8177.28 2876.08
9098.02 5252.93
8307.17 2811.86
8687.74 2263.34
5471.62 3511.08
8931.30 3264.27
7751.98 3192.20
8186.31 6336.11
5363.70 5821.10
8576.10 2628.61
7827.49 5253.78
8756.69 2258.48
3905.29 5565.68
1815.92 5924.99
4942.04 5521.98
4934.89 8953.71
5667.41 7184.28
7371.94 3255.47
7827.59 2578.48
8255.83 2773.93
1321.30 6366.42
4515.77 7969.92
5569.07 6531.93
8655.30 2361.60
1843.91 6108.25
8068.06 5702.87
5723.43 6430.31
7943.49 3158.25
6316.29 6491.55
8434.29 2588.34
7736.44 3016.26
7972.62 2899.07
3092.83 5572.87
5777.57 6928.90
7160.21 1648.81
4230.33 7946.58
8436.26 2584.21
9062.63 6316.95
8680.26 5755.38
8655.20 2082.60
6347.75 3563.10
8242.95 2640.79
7816.41 3091.87
7837.33 3095.78
8781.05 2789.69
9397.00 5603.05
7786.52 2765.17
7593.58 2799.10
6433.55 6375.26
8575.08 4923.34
7577.65 3511.60
2758.00 5155.46
7906.43 3019.93
6961.46 3541.29
8544.58 3054.08
5204.99 4102.71
7163.00 3586.58
8822.26 5849.06
6536.41 3687.31
7830.47 3174.65
5243.17 8903.09
5520.97 3499.97
2265.57 6644.50
7156.19 3436.14
9211.36 1755.33
8400.03 2499.45
3970.89 4179.62
8013.90 2404.18
3541.84 9093.80
8252.93 3064.68
5762.92 3642.87
5236.60 4196.12
6348.77 6500.87
8444.00 2831.32
7680.52 3486.58
5174.37 8266.98
8225.11 3180.92
1559.89 7560.51
8064.27 4723.60
8947.05 2219.65
5935.35 6690.42
7990.45 2813.34
5980.03 3593.43
2098.96 6891.99
8195.20 3144.12
7170.30 5868.37
8522.40 2802.17
7490.68 5818.94
9245.11 5322.09
7772.44 3250.57
6405.07 3477.29
5932.39 8304.49
7687.91 2919.51
7818.24 3212.55
7181.12 7732.81
8732.15 3406.85
7756.07 3211.04
5875.84 3625.91
1251.16 6534.20
4126.75 4102.79
7814.62 2868.12
9036.19 6048.14
7659.53 5767.42
4161.61 4066.36
8822.05 3421.40
8905.31 3116.90
2582.35 4721.72
7362.08 5596.11
8270.91 2494.12
5975.81 3678.20
7482.80 3433.82
6149.56 3871.59
9172.11 2690.10
6829.19 4182.06
7774.54 2625.36
7484.98 3514.00
4693.48 5707.24
9242.91 3234.58
7845.89 3467.24
7577.78 5727.84
5402.46 3529.98
6224.89 3206.88
5843.61 3637.68
8773.31 3024.16
8753.30 2153.66
5853.02 8335.58
5834.70 8492.06
7543.41 2843.44
8136.98 3323.57
5399.27 3723.60
9256.97 2158.33
9692.00 2414.01
7990.52 2412.06
7632.93 2545.35
7766.41 3271.56
5187.55 9435.63
7726.78 3278.69
6163.04 6605.52
8720.80 2754.40
4088.58 4200.21
7457.56 3134.76
7130.38 4040.68
7522.68 3206.25
8117.21 3409.27
5796.82 9093.79
7745.55 2962.23
9049.71 6037.65
7799.21 3319.30
6281.78 3615.81
9232.31 2697.98
3515.19 6261.46
7486.20 3086.12
8302.49 3018.25
8704.28 2433.43
7590.97 2854.45
8187.85 4701.88
8495.32 2719.03
8437.92 2228.64
9381.63 2111.42
9300.19 1682.71
8838.07 2655.86
8272.28 2394.35
7079.66 494.44
7681.59 3124.31
7609.21 3438.51
5391.59 7744.70
8098.88 3151.54
3392.45 7401.31
2287.41 5439.51
8266.96 2573.86
3492.59 6303.91
7291.02 3610.19
4477.93 6170.65
9165.45 3172.99
7289.74 3094.96
3857.11 4176.47
7142.85 3953.36
8927.19 2653.66
7443.93 4115.38
9042.26 2187.81
5352.70 5779.37
8810.27 2289.87
9543.53 1542.74
5577.20 3648.42
8554.24 2330.04
7599.45 2617.97
4088.50 4048.83
5968.58 6500.33
8569.38 2876.77
3018.25 6300.42
7257.94 3153.18
6941.90 3379.76
9250.07 1703.56
6288.11 6601.60
8102.56 2459.24
7715.75 3228.65
4738.86 8947.72
5764.22 4064.65
8020.12 2475.50
9346.39 7004.07
5726.87 6095.55
8830.51 2755.60
7305.23 3817.13
5183.16 8998.89
8716.83 2131.73
7917.17 3306.58
8986.75 6137.24
5206.52 7181.39
8953.52 5790.80
7195.53 3126.93
5336.04 7528.51
7746.89 3186.96
5600.74 6461.35
8497.41 3129.57
8827.67 2763.71
8146.39 3331.50
5219.59 8983.13
4124.99 8718.75
7187.71 3665.67
8096.39 4814.18
9148.29 3151.64
5838.57 6501.97
8691.42 2854.75
4780.20 5954.44
3371.19 7777.81
9140.01 6156.67
6278.92 3137.07
8416.49 4445.45
5874.89 7039.38
9339.33 1667.33
8078.45 2705.53
8714.20 2289.46
8183.02 2405.36
9300.73 7194.42
8101.62 3072.72
6143.32 6513.18
7990.11 3074.76
1572.29 6392.06
4074.95 4072.97
7401.92 3228.44
8214.26 2851.79
6058.00 6556.19
8661.43 2395.22
5141.72 8673.92
5243.15 7541.28
5919.18 8245.85
8064.99 3349.00
8533.35 2497.62
7062.88 3552.25
2968.97 4392.83
7475.08 2712.72
5841.25 6409.58
7876.11 2969.88
8435.18 2454.61
7807.17 2628.06
6368.13 6651.10
8527.63 2609.30
6030.71 6551.29
3229.77 4983.92
8803.39 2338.06
9414.98 2172.15
7888.47 3307.60
8077.84 3138.22
7827.55 2983.61
2320.05 4783.87
7840.97 3650.11
9202.85 3370.08
7513.69 2945.53
9187.39 3108.95
5809.73 5509.41
4205.85 6876.35
8958.59 2705.58
6964.73 3561.41
7556.60 5791.61
8163.34 2460.67
4832.61 6466.12
5908.82 8297.32
4157.07 8892.67
5435.87 3686.35
6281.46 3562.65
8581.38 2197.06
5299.25 7538.42
8068.48 2587.63
3455.13 6365.22
7076.99 3564.14
7918.11 2855.49
8017.52 2738.30
5940.81 6408.94
8680.22 2337.26
5085.92 7076.41
2317.35 5457.29
5530.00 5203.82
7556.00 2988.98
8610.13 2527.80
8175.97 3473.15
7821.33 2882.72
4955.76 9506.13
7678.85 7213.70
5540.84 3773.52
9102.49 2299.05
8882.85 3296.89
5376.66 3736.35
8820.57 3273.13
4796.22 6426.92
7556.79 3555.54
6142.74 5602.13
4490.48 8402.27
4140.12 6709.95
9288.93 1834.72
8488.06 2645.46
2726.36 7027.12
8565.83 2851.59
8826.16 2262.78
7071.92 3717.41
7994.05 2557.11
8516.58 3365.01
7420.15 3073.33
7543.07 3135.38
9355.19 7157.59
5934.70 6531.30
9356.83 1779.48
5242.73 9009.88
7627.06 3118.18
9373.04 2060.79
5887.72 6629.54
7488.86 3051.25
5671.27 8139.81
9302.72 1787.26
5964.24 5816.89
4778.14 6079.70
8342.35 3200.13
7511.77 4176.93
5037.25 6266.94
5214.03 8960.76
8608.25 2186.97
8605.10 2243.49
7537.15 3602.33
1251.11 6573.07
3487.90 7993.29
8542.12 2502.78
5963.70 5425.18
5292.64 8948.42
4760.12 6583.10
4505.29 8335.36
7773.24 2757.86
5375.58 9528.94
8851.73 3293.81
7986.54 3083.32
7705.76 2937.23
8011.17 4213.69
4572.96 6893.86
7361.71 3040.41
6953.74 3545.08
9071.90 3209.52
1391.01 6918.36
6469.20 3086.97
7009.50 5234.48
4767.57 6981.68
8024.51 3358.89
6720.60 3768.96
8485.71 2198.10
8903.26 3388.68
8109.46 3289.81
3962.19 4151.49
7328.24 2988.21
5865.46 6588.40
8592.81 4439.86
8156.07 3431.72
4222.31 4355.12
2344.84 5492.56
5977.82 6874.21
8691.90 2531.96
8322.93 6246.46
7677.80 3696.70
5518.38 6965.91
6444.21 3399.27
8570.70 3596.68
9283.12 1687.29
8215.61 2394.40
8658.91 2142.33
8302.92 2666.40
8266.01 4480.73
8153.69 3303.30
6006.30 6575.81
8031.30 2642.54
5809.20 3968.12
8183.56 3520.07
7676.15 3019.29
7623.53 2867.37
1966.80 5474.37
4698.49 5875.06
8545.90 5743.54
7603.05 2793.13
7957.88 3423.21
1776.37 7085.09
7134.65 4012.41
5230.88 8941.37
7091.59 3239.84
8963.14 2695.80
5182.94 9608.91
6950.30 3468.18
9026.08 1873.49
5219.17 3800.27
7498.71 2972.79
5994.44 6508.79
7842.16 2649.92
8949.85 5937.49
8672.54 2808.59
9209.14 2031.99
6199.38 6552.69
3211.33 8152.13
8894.98 2486.09
5159.41 8951.97
8283.14 3292.75
8221.40 3439.33
9343.11 2140.27
5143.76 8589.63
3711.78 8791.96
7692.02 2867.61
8431.95 2591.45
6969.52 3426.69
5766.19 3724.90
9036.44 2404.29
6076.78 6481.49
8720.23 2778.65
8176.99 3193.00
5872.79 6531.86
7588.62 2843.68
5215.19 8991.49
7007.98 3362.57
5459.90 3523.06
7768.30 2304.94
8943.04 7334.89
1174.56 6683.15
9317.74 1781.52
6517.25 5643.96
7480.60 3050.65
9121.98 1809.90
8396.63 2336.52
7685.94 3432.44
7800.71 3162.67
8085.61 5201.65
9407.75 1610.14
4538.51 8427.81
7955.60 5574.65
8744.65 3246.61
8309.03 4810.40
7956.52 7131.02
8804.32 3104.15
7946.71 4795.16
9101.82 2702.89
7722.42 3459.78
6954.81 3668.48
9448.47 2142.05
3470.05 7577.23
8674.62 2200.58
9058.72 6132.08
4595.04 9411.32
2052.29 5339.59
8439.22 2374.06
8470.14 2361.04
6500.86 5661.98
9373.28 1651.22
7471.51 2742.10
4987.89 9486.70
4781.70 6662.26
5349.91 9587.91
7215.38 5946.97
7991.11 2525.11
5943.16 8173.19
3869.08 5608.01
2343.13 5270.53
6964.68 8472.46
8914.34 2422.37
7260.23 3659.06
7228.79 5956.08
3760.75 4098.70
8856.70 3363.04
8484.16 2438.30
7468.66 3044.57
7378.02 3016.40
7167.75 3640.51
8184.51 3344.12
8042.80 2441.75
6139.29 3159.93
1360.18 7358.31
8386.44 3353.57
6461.69 7440.27
4794.28 9031.38
7650.52 3509.11
9277.88 1664.93
8780.43 2325.07
8476.56 3230.78
8477.06 2910.77
7838.16 3386.00
7932.20 2803.61
2294.15 4689.54
7853.03 2951.58
4183.65 4049.02
5923.92 6590.04
5216.59 8089.23
6661.81 3932.33
8921.72 3000.24
2244.71 4703.26
8744.39 3087.98
8770.69 2834.64
6833.76 3494.21
5904.43 3867.63
8455.29 3415.12
5397.23 6974.95
9284.52 2125.89
4206.71 6564.10
7117.95 6801.92
6992.12 3454.64
3310.76 7627.77
9116.66 2748.25
7363.56 7363.43
8438.45 2281.27
4671.26 8475.77
7756.38 3144.67
5179.55 6892.17
8029.63 2719.37
7743.63 2774.78
7458.53 3455.64
2013.51 7158.92
8046.19 2478.27
8583.07 3021.54
7597.30 3167.71
6193.45 3223.11
1865.10 5845.02
7285.89 4209.15
8725.06 3370.81
6996.49 3277.18
3825.96 4149.41
8334.34 2738.19
5617.01 4167.07
6285.88 5539.76
7470.95 2700.19
9007.78 2514.65
5208.60 9542.04
8779.69 2402.51
7259.27 3635.16
8267.97 3212.30
7753.91 2983.02
5999.61 6591.56
7326.36 3149.96
5163.75 8790.68
8566.89 2427.88
8103.26 3266.21
8608.32 2430.16
8512.97 2658.98
2837.38 6534.69
9453.32 1650.30
7553.92 3834.53
8183.47 4812.49
7769.12 5321.06
8498.58 2341.15
7094.98 5172.67
7951.12 2865.96
7744.99 2294.34
7710.22 3495.19
8573.15 6660.06
7998.19 2438.20
7863.56 3418.06
6315.04 4257.44
8361.28 2325.51
7565.77 2822.44
8071.62 3250.03
8763.19 2444.56
5835.58 7841.37
5970.54 3703.03
8401.66 2649.11
8483.43 2220.47
7740.35 3029.33
6069.38 3464.27
5967.25 5118.79
8570.01 2226.99
7446.38 3008.92
5475.07 3704.24
5841.61 4495.72
8638.84 5937.41
8114.35 3186.49
5225.59 9748.63
9524.01 1491.88
8433.95 2454.59
8267.59 2882.54
8403.01 4466.35
8713.01 2617.34
9322.64 7236.84
4170.47 6683.95
7744.12 3184.87
6637.27 3718.58
8735.40 2975.63
3120.31 4682.49
5224.82 8927.24
8590.67 5853.16
5612.81 8853.24
7532.19 3758.07
8354.38 2813.85
7736.05 2520.83
8285.28 3071.02
8096.52 3215.44
8177.05 3147.72
8283.76 4450.15
7852.85 2499.26
6404.52 3593.13
1859.36 6099.26
7725.24 2358.23
5890.47 3917.36
8475.61 2377.28
9370.98 7158.12
7326.03 3664.90
9089.12 3350.90
4229.03 4134.22
8121.67 4683.99
8070.56 3497.54
4351.97 8693.17
9014.69 2240.20
7098.47 5317.59
8934.73 2619.13
8998.55 3313.22
4140.29 4169.41
7460.49 3699.73
1142.05 6688.93
8108.88 3578.86
4185.15 6670.66
1752.48 6263.55
8879.36 7414.28
9142.57 6414.32
3197.37 5255.46
7570.05 2519.43
6936.31 5898.31
7924.10 3141.36
8617.50 2217.22
8642.81 5829.04
8402.89 6037.28
7584.21 3384.25
8947.18 2451.36
8817.58 3051.44
7216.65 3511.41
8848.34 4455.64
8860.26 2376.98
8879.99 2528.91
8242.02 2681.11
7532.14 2539.78
7210.90 3728.38
9138.71 6416.34
7775.59 2476.64
6352.98 3520.56
3457.19 6327.18
8656.28 2897.37
8850.43 5327.52
8642.79 3387.48
4589.18 4087.19
4718.04 6285.03
8256.63 2582.21
5963.43 5959.84
6940.26 3536.75
8208.16 3426.59
7508.00 3577.24
4971.12 6128.85
6900.27 3414.66
6444.38 3287.62
8569.95 2423.93
8545.87 2753.95
7589.05 5350.12
5991.68 6490.78
8673.75 2208.66
7666.83 5058.52
6084.15 4150.73
9081.43 2181.98
7431.24 2932.93
3348.23 6204.34
7459.62 3103.68
7652.02 3193.17
765.77 6908.47
7939.98 2877.56
7860.35 2958.98
8996.13 2346.10
8398.79 5388.18
7265.00 5972.02
8124.58 2845.31
4440.67 6847.97
3070.74 8117.48
8193.86 2820.59
8309.87 2576.60
8487.11 3172.43
7370.91 1579.85
5927.86 3693.88
7738.15 2329.32
8716.85 2123.73
6155.91 6487.32
7206.16 5267.72
7911.22 3492.61
7057.58 5281.36
8251.52 2923.41
7538.48 2905.71
9041.86 3028.06
7788.82 2845.32
7749.60 2989.51
6193.03 6516.34
7521.93 3468.94
3905.27 4170.47
5469.09 3722.01
8497.86 2571.57
7790.12 3040.75
8801.52 4397.37
5222.90 9446.55
8243.74 3108.28
5660.99 7113.11
7420.02 3402.37
3460.73 4445.39
7790.94 5330.89
5364.84 4128.16
6404.35 5608.49
7584.00 2969.25
2505.45 4516.16
8956.40 2700.11
8299.43 2967.33
8515.63 2186.23
7780.88 2824.58
4101.99 6257.35
5912.39 8212.28
2299.79 4643.11
5069.27 8771.46
2957.76 5698.65
7605.99 2691.16
4338.15 4112.79
7968.78 2799.77
8140.86 4264.67
7892.23 2768.78
7010.50 3604.33
7386.10 3816.23
7496.83 3559.25
8409.26 2706.38
6827.24 4166.67
5237.50 8916.43
7282.67 4111.30
7218.94 3105.79
8729.01 7442.55
5206.51 8310.24
8363.74 3198.45
4164.29 9021.27
6238.12 3405.06
7442.90 3779.52
4017.94 6812.82
2596.33 5768.11
7449.57 3048.33
5487.67 5697.94
2597.46 5124.36
7801.68 3047.76
6681.54 3775.39
9302.75 7220.19
5726.02 8582.62
9161.20 1997.79
9267.30 2057.17
4277.47 6372.86
4557.40 9348.43
2641.50 5133.65
9278.63 1677.57
9205.65 1802.16
5097.78 8650.82
8591.66 2667.88
5370.56 6619.26
5917.89 8135.85
8825.90 3076.26
7428.12 3320.52
9000.28 3303.45
8680.94 2710.09
8158.64 3488.65
8151.46 2682.97
9136.27 2610.51
1736.61 7127.78
9082.15 6001.02
2260.17 5883.91
8895.13 2726.08
8185.87 4575.64
9087.95 5638.19
1972.81 5678.00
8583.65 2546.06
1764.85 6276.47
8471.02 6318.02
5386.36 7535.92
5680.06 4869.64
6554.37 3716.17
8066.36 5169.27
7431.39 3589.48
7268.73 3062.36
7437.70 3533.94
7874.09 5155.39
5094.66 8939.28
3232.70 4595.30
8483.19 5919.35
7548.78 2505.86
7810.65 2939.34
6927.25 7249.47
5668.94 7543.45
8125.89 2673.33
5942.17 6497.95
3310.44 4795.30
7988.20 3240.94
6147.39 3410.59
7628.03 5402.81
8587.99 2157.81
5934.00 6543.15
8219.60 2574.45
7656.27 3498.08
3902.21 4167.85
7574.17 7145.67
7861.54 3061.50
8359.54 2510.09
8824.04 5290.00
3886.54 4151.03
8734.37 4452.85
669.96 6977.99
7530.41 2742.11
7741.60 3697.64
7924.25 3626.49
7305.20 3659.63
7929.54 3569.91
7910.16 3278.55
8225.46 2854.52
3246.32 4643.61
8382.50 3283.39
8176.19 4481.12
7371.98 3183.43
2264.79 5613.96
8824.69 2306.08
7985.92 3065.36
4945.80 7295.80
3911.41 4120.57
7463.16 3075.10
8873.97 2816.01
5237.58 4207.23
7527.72 3482.49
8745.86 2974.52
8934.44 2622.22
9073.92 6188.92
6376.75 3413.77
8975.82 2730.11
3755.84 8760.52
7960.06 2904.94
8039.02 5837.01
7156.22 5519.61
8200.16 2565.63
8710.86 2865.60
8976.50 4645.15
8751.38 2375.10
7989.89 3587.02
7988.89 4077.72
9241.84 5328.53
8552.78 2626.28
7196.88 3785.38
7747.47 2369.67
7108.84 4066.85
1824.75 5884.03
8815.49 3042.03
4873.01 5698.33
8145.41 2860.50
7538.92 3557.06
8154.79 3260.11
8123.27 2820.14
7737.89 3286.49
7786.53 3049.17
9128.61 2615.18
3159.24 4649.96
7371.26 3769.15
8729.76 4131.66
5270.35 6533.96
6139.94 4143.04
9297.25 7174.68
1885.42 5915.93
7594.87 2867.36
7093.43 3506.39
5995.43 6528.75
1215.60 6610.97
8009.63 4232.43
6104.91 7106.53
7989.06 5472.50
8959.92 3353.95
8130.33 2427.50
8957.40 2257.97
8379.98 6557.00
8306.92 2673.70
7292.45 3579.81
4237.99 4117.52
5580.91 3540.94
5600.10 8960.98
4120.96 5343.39
3331.74 7852.30
8832.59 2551.00
6987.87 5139.78
4421.27 6146.23
6070.04 8244.45
8458.72 2459.34
1375.94 6213.94
6824.04 5803.43
8612.67 2545.77
7209.95 3894.37
8191.35 3363.47
5492.73 7831.49
8790.00 2976.71
3932.66 6520.62
3416.86 6719.00
8048.36 2507.59
6008.12 3464.61
7893.39 2659.63
2645.04 5415.54
8566.07 2318.01
8237.22 3452.10
6560.68 3642.67
3902.11 6842.36
8871.96 3414.51
6626.13 4145.89
6417.22 3070.14
5024.27 5659.56
7039.65 3372.11
8324.81 2523.37
8760.69 3070.05
8352.28 3362.09
8577.58 2417.70
5760.57 6621.76
8927.69 4777.03
6391.06 3418.16
6387.43 6113.29
9343.99 2056.00
5196.55 5431.13
7192.27 3670.58
7561.13 2856.81
9446.09 2155.39
5932.67 6626.17
7972.46 2907.95
8953.74 5730.90
8142.62 2924.21
8036.72 3130.95
7052.15 3667.56
7238.78 5864.93
8579.02 2381.34
8060.03 2651.56
4480.40 7423.81
8579.52 2887.85
1971.50 7128.33
8398.12 3417.46
7407.68 4203.86
7253.77 3684.70
9400.83 2110.14
2292.55 5502.76
7477.78 2931.77
9059.33 2247.41
8676.70 2107.19
5221.06 3817.08
3011.09 4410.87
3588.95 8976.33
4917.75 9532.15
2561.13 5204.59
8871.85 3368.44
7835.29 3419.33
7872.01 3001.55
6000.59 4005.39
6044.80 8593.72
9307.48 2164.79
9261.82 6483.99
7855.10 3204.30
6004.81 6589.56
5711.15 8655.80
6687.17 4121.84
5323.51 7554.86
7203.72 3652.15
7857.84 2489.25
4767.41 8914.06
2322.80 5237.33
8170.35 2745.14
8649.70 3066.43
9356.82 1737.43
8203.67 2941.22
1894.24 5841.35
5493.01 5990.41
8750.88 4726.26
7912.81 3450.65
8446.86 2758.68
8187.20 2621.68
7716.81 2580.24
9368.79 6004.26
7378.49 3107.51
3481.69 7339.70
6851.62 4155.74
7559.81 2491.47
6428.65 3457.10
8230.37 4573.66
4117.34 4077.26
7950.54 3334.89
3005.28 6544.18
7301.80 3833.65
7878.17 3642.93
7528.07 2675.94
8482.42 2806.40
1330.04 6405.79
9239.26 1894.14
9435.73 6047.03
5773.84 3651.60
4150.04 7406.63
3506.77 8114.11
5758.70 6476.66
7804.13 3059.33
8089.44 3245.25
4992.55 9489.56
3558.34 6261.06
3171.90 4570.27
6081.24 3486.85
6146.41 3721.76
5779.10 6436.08
7548.74 2796.85
4194.61 6681.76
3057.12 8163.04
4728.25 7645.71
4980.85 7386.99
8029.58 2798.70
6394.63 9359.79
8790.13 3278.24
4099.17 8232.08
4706.58 7866.13
4337.87 8989.62
7573.25 3414.06
8133.61 4881.83
3510.39 4512.57
3317.25 7763.07
5875.61 6476.72
8516.47 3390.53
7501.07 2962.06
8889.45 2551.05
3910.50 8921.33
2277.25 4655.12
4962.34 5686.49
7747.74 5298.90
1694.54 6757.64
8953.11 7352.78
8836.79 2324.33
4954.21 6060.27
7682.22 2559.25
4810.50 5936.35
6940.48 3533.99
7421.72 5423.74
8467.95 2461.87
8045.29 3003.97
7688.69 3022.99
7281.88 7225.74
7781.12 3319.69
6923.63 3528.16
8413.83 3475.59
8536.02 2692.59
8804.72 2216.34
6920.91 3394.21
8754.92 2017.71
7576.87 5324.67
2107.70 6970.91
7781.30 2590.18
6263.19 3400.62
8393.71 2709.54
9013.13 7274.16
5175.79 8998.94
7382.82 3025.37
8234.35 4771.19
7112.42 3649.02
5456.79 3707.14
7744.28 2497.53
1766.22 6869.96
9037.73 2694.75
3071.52 5924.14
8420.76 3342.37
4692.84 7445.38
7023.53 3685.68
8978.20 3238.58
8321.65 3373.32
8670.27 3412.61
4618.89 9415.45
4009.68 4133.84
4757.67 5146.65
8160.50 3285.55
5919.61 6543.95
9327.44 1985.22
2355.19 5973.15
5646.41 6565.57
8731.77 2541.41
7210.07 5535.57
6932.26 5771.42
8531.02 2463.67
7479.94 3256.71
9180.57 5263.75
4020.82 4151.28
5559.58 5998.95
8687.19 2469.89
7545.72 5269.70
7870.06 3458.24
5885.59 6562.32
4750.99 6677.69
6138.97 8716.59
4602.80 6837.16
8278.53 2751.06
8645.16 2189.36
8265.25 3460.13
1639.43 6242.42
5152.03 8929.65
2262.80 5248.25
3996.36 6300.14
4392.20 4171.67
7457.88 3554.39
8953.74 4631.13
9080.61 1877.24
6217.69 4031.17
4260.72 4157.25
7051.54 3716.39
1937.47 5798.39
5932.01 6461.19
8821.63 2354.28
9107.12 7178.77
7852.85 2794.10
7888.74 3186.33
4180.92 6715.11
1193.27 7182.87
8917.71 4634.37
7951.28 4611.59
2079.62 4933.26
7404.82 3025.40
8467.70 6516.95
3940.18 5875.32
4957.18 8948.45
8537.15 2697.97
8008.37 4743.21
8603.28 5886.09
8224.33 2707.97
3865.73 5612.10
7567.32 2697.56
8086.63 5206.21
3045.20 8185.68
2127.01 4756.87
9039.26 3345.19
7272.07 3406.76
4951.74 6033.85
9036.48 3126.91
1746.65 7138.90
8868.82 3151.52
8374.42 2332.03
8493.67 2224.35
1636.87 6243.18
8163.15 2706.96
4653.89 4082.61
5646.03 5735.41
4694.15 4029.29
1783.27 6229.31
8640.13 2829.11
7775.48 2631.28
8600.76 2202.48
8300.01 2709.29
8620.94 2334.76
7501.98 2419.51
8258.19 2661.85
9003.14 2187.05
7679.62 3008.24
7813.54 3231.03
9080.51 2703.65
6114.26 3258.98
4327.62 8958.82
6585.41 3737.45
1422.15 6980.24
8279.56 6083.62
8252.27 3457.20
6375.68 6096.52
7802.31 4362.72
5400.61 8917.22
5812.73 3961.12
7905.12 3570.71
7759.36 3465.32
8681.46 2864.48
7707.69 3020.82
3346.34 4523.22
7247.80 3677.51
8948.47 2351.14
7314.94 5388.66
6097.72 7284.14
8516.35 2478.06
8123.10 2481.17
8775.58 3101.88
7536.45 2702.56
5712.59 8170.17
9141.88 2310.89
7133.27 3141.36
5458.88 3421.78
5614.95 6585.28
6985.44 5967.63
5757.37 3602.72
9565.54 2152.32
6442.90 6189.06
7978.76 4223.78
8065.19 2655.82
8207.92 4511.12
1949.78 5709.70
8926.77 2310.47
3398.22 7914.18
8385.79 3056.97
8351.63 3403.48
8629.04 2407.40
8336.29 3268.24
7257.86 3150.38
7540.77 5440.03
1875.26 5830.29
9280.57 1937.99
7252.59 3773.20
8564.95 2861.62
5736.26 8584.02
9196.18 2046.07
7365.23 3649.70
7973.85 2497.81
5489.51 5703.82
8815.02 2361.49
1762.56 7213.28
6078.42 3447.28
8577.10 3214.96
7974.35 3386.95
3844.89 4155.45
4443.39 4120.84
6589.98 3490.25
8901.40 2603.51
1750.87 7131.40
7637.11 2519.56
3171.24 7076.05
8726.67 3324.63
6248.89 3722.29
8075.25 2772.96
2741.68 5188.21
7769.95 6374.86
7897.74 3083.86
8838.31 2550.38
8661.65 2907.33
8814.78 2517.38
5932.41 6272.02
8277.01 2863.92
5306.78 4179.53
9166.57 5710.21
8414.96 2433.66
8142.09 5851.72
7485.13 3588.30
1854.53 5864.16
7824.93 2586.32
8727.03 3083.21
8742.33 2061.20
5102.05 6940.58
5460.54 3563.58
6755.15 3234.68
7041.13 4047.83
8114.75 3458.63
7550.24 2893.05
3462.13 5810.59
9385.46 6522.70
5702.90 3359.43
9258.89 7222.35
8222.44 2661.20
7703.27 2564.77
5327.90 6279.93
6027.80 6563.93
7150.87 3134.23
7649.65 3114.93
7246.43 3717.31
5157.17 8939.42
5788.45 7306.69
6142.47 6276.98
3665.34 8979.25
8840.86 3187.70
7491.39 3102.87
8573.43 2362.16
7803.95 2881.76
8736.79 2491.81
7906.93 2656.79
9115.71 4761.15
4675.35 8512.36
7101.70 3665.90
8007.52 2751.60
8069.28 4820.02
5453.08 8899.47
6397.12 6107.09
8479.00 6495.97
7573.76 2828.37
2318.04 5326.27
4301.40 8943.51
3474.54 8033.55
8587.18 2981.20
7343.38 3591.83
3976.93 8927.34
8865.73 3349.73
9371.61 5852.82
7824.26 3424.53
7116.01 4038.15
7862.93 3252.79
5431.48 3747.63
6192.15 3483.05
7091.30 4019.03
8298.32 3138.31
7875.74 3468.71
7776.00 3198.16
8928.86 2412.59
3174.18 6573.98
9235.19 2102.60
1926.25 7188.48
7131.66 7128.24
9024.84 2739.10
4246.90 5307.59
8428.42 3292.98
1505.59 7551.67
6150.55 3965.57
5576.11 8917.29
5469.96 3491.44
8947.01 2241.50
5154.72 8896.13
4954.93 5848.61
8810.88 2540.56
8900.91 2387.20
8353.67 3049.36
4261.82 4164.07
7680.20 5660.05
7968.81 5638.15
8862.07 2999.86
8503.81 3044.26
8233.41 4675.48
8599.16 2635.99
6670.46 3719.03
3507.48 4184.57
8003.68 6907.03
7556.14 3757.85
6415.91 3478.46
4205.42 6734.50
8278.89 3066.53
5183.27 4021.28
8675.97 2902.07
7580.71 3267.69
5077.11 8651.95
7784.80 2345.91
8201.00 3161.83
7705.52 2620.31
7655.88 2917.98
5036.46 7184.60
5841.20 3570.32
5889.05 3576.78
7763.05 3494.86
8899.03 7094.28
8006.57 5250.02
7732.30 3255.98
8780.39 2657.86
8574.59 2593.39
5465.53 3746.45
6643.79 5876.00
4297.61 4142.77
5925.46 8277.52
5783.10 6457.11
4669.88 7215.72
7364.18 3462.67
8604.20 2466.17
6328.73 8150.65
7700.42 5095.06
7788.19 2560.96
8765.29 3317.54
8890.25 2043.08
7974.09 2776.51
8145.37 2734.80
1322.63 6349.73
8031.38 2526.77
8564.87 2411.80
6446.07 8634.68
6336.71 6097.36
8108.47 4833.79
6329.11 3336.35
7828.94 3642.63
8279.72 3396.29
8457.72 5889.60
5448.75 7819.25
9004.85 2437.62
8152.54 3066.49
8840.10 3228.91
9306.82 1781.01
2916.68 4592.84
5831.03 6625.57
7376.74 3753.98
8387.33 2595.53
1928.57 5768.38
7893.50 3085.10
8159.43 2489.64
1827.11 5847.56
5361.89 3706.33
