2 2000 2
6032.63 5585.62
6033.83 5585.80
6026.04 5580.84
6044.37 5573.30
6042.56 5569.66
6004.59 5585.89
5992.30 5578.10
6011.91 5574.18
6011.93 5578.14
6012.06 5577.32
6006.98 5567.46
6005.13 5585.74
6232.25 5569.62
6234.08 5566.25
6250.93 5568.52
6248.47 5565.15
6245.74 5563.41
6231.81 5572.09
6233.84 5578.66
6236.51 5564.11
6248.29 5580.21
6027.64 5565.97
6030.59 5575.59
6028.27 5566.60
6021.48 5563.33
6020.83 5583.31
6010.86 5573.69
6025.03 5564.23
6014.74 5565.39
6224.01 5580.87
6234.69 5564.57
6235.37 5577.60
6223.85 5580.80
6223.90 5580.82
6226.46 5581.43
6218.53 5575.98
6232.35 5580.20
6237.28 5569.61
5972.63 5560.13
5975.09 5566.62
5976.78 5568.16
5988.27 5551.79
5980.17 5569.74
5985.54 5569.62
5989.25 5552.55
5998.05 5560.81
5981.24 5553.36
5983.49 5569.58
5980.13 5566.79
5996.59 5555.48
5997.98 5561.82
5979.14 5565.22
5984.71 5569.94
5975.73 5561.66
5994.15 5554.81
5985.14 5549.99
5981.01 5568.87
5980.05 5568.30
5994.72 5555.89
5976.47 5564.09
6027.68 5567.11
6013.43 5560.54
6021.33 5568.02
6017.74 5549.78
6018.10 5566.82
6023.35 5548.19
6013.31 5559.98
6032.92 5560.31
6027.97 5549.43
6123.34 5567.14
6126.56 5549.73
6121.65 5565.44
6128.55 5569.23
6132.27 5549.67
6135.78 5551.48
6138.43 5554.74
6138.71 5563.21
6138.94 5562.62
6141.41 5548.36
6137.59 5563.70
6136.19 5561.29
6135.51 5556.45
6148.44 5547.97
6154.68 5561.36
6139.38 5549.57
6142.97 5547.82
6147.95 5567.19
6154.72 5566.38
6156.02 5566.92
6159.43 5567.45
6166.27 5564.55
6169.17 5556.37
6149.63 5560.23
6157.29 5547.64
6167.91 5562.42
6149.24 5557.90
6232.03 5566.95
6224.68 5557.72
6238.51 5566.53
6240.86 5565.16
6241.62 5564.49
6226.92 5563.62
6242.26 5563.82
6236.76 5547.52
6238.27 5554.98
6251.70 5563.54
6245.10 5573.78
6231.79 5565.47
6236.02 5556.15
6231.82 5563.00
6231.96 5562.25
6244.17 5554.66
6041.53 5551.75
6040.11 5563.81
6023.64 5560.55
6040.71 5550.57
6041.22 5562.45
6026.16 5549.49
6037.51 5565.74
6023.12 5554.90
6023.40 5553.83
6202.06 5566.54
6212.08 5550.70
6194.53 5553.91
6213.56 5553.44
6194.30 5554.84
6195.30 5561.46
6194.85 5552.99
6211.93 5563.00
6112.98 5566.08
6114.14 5565.70
6113.83 5547.01
6120.26 5558.25
6105.93 5547.48
6100.46 5555.69
6109.14 5546.49
6102.37 5550.49
6103.62 5563.73
6131.24 5545.59
6132.13 5565.52
6133.61 5565.22
6125.09 5547.47
6140.02 5559.76
6140.32 5552.14
6121.28 5558.21
6138.90 5549.54
6137.66 5548.19
6146.45 5558.26
6138.31 5563.64
6145.32 5547.36
6130.75 5546.35
6133.09 5562.61
6132.60 5562.36
6145.14 5547.15
6132.91 5562.52
6142.09 5544.76
6141.09 5563.53
6129.84 5554.74
6149.74 5554.55
6135.40 5544.63
6144.70 5544.91
6137.66 5543.85
6149.64 5551.97
6131.31 5558.93
6137.36 5563.32
6151.46 5545.47
6136.12 5550.50
6155.42 5555.62
6135.72 5552.26
6152.41 5546.24
6145.18 5543.60
6155.61 5552.90
6153.32 5559.98
6148.57 5544.03
6081.33 5567.62
6074.73 5555.48
6090.43 5566.06
6086.06 5548.24
6091.42 5565.20
6093.93 5555.14
6084.22 5568.10
6074.38 5557.79
6093.75 5554.61
6055.67 5546.84
6063.73 5561.81
6065.00 5561.81
6059.42 5560.54
6059.88 5560.78
6068.20 5542.61
6057.31 5558.95
6054.65 5549.31
6069.31 5560.50
6148.01 5543.38
6136.18 5540.72
6130.60 5552.05
6136.86 5559.18
6138.20 5540.04
6131.24 5545.70
6150.18 5551.64
6137.32 5559.34
6149.91 5546.87
6150.51 5555.28
6135.79 5542.07
6132.89 5553.54
6132.60 5552.72
6147.82 5558.03
6133.23 5554.27
6144.37 5540.03
6132.61 5546.82
6135.74 5557.45
6248.86 5558.28
6230.39 5554.07
6236.31 5543.90
6250.29 5552.10
6245.15 5561.82
6243.98 5543.74
6248.16 5559.28
6250.13 5555.09
6163.59 5540.42
6160.74 5539.92
6168.43 5543.87
6157.04 5540.52
6169.34 5545.32
6168.17 5543.55
6153.07 5543.18
6152.56 5556.06
6169.86 5546.52
6209.33 5542.47
6203.58 5561.56
6210.69 5543.14
6201.79 5542.54
6213.40 5545.46
6199.25 5559.46
6197.39 5546.12
6199.38 5543.97
6209.58 5560.96
6157.59 5537.46
6158.37 5555.55
6160.50 5554.06
6163.63 5545.18
6163.62 5545.12
6143.74 5546.67
6161.93 5540.95
6156.59 5556.27
6147.80 5538.65
6136.12 5542.65
6142.71 5536.45
6146.67 5555.98
6154.62 5541.91
6152.26 5553.44
6142.00 5536.69
6136.48 5541.77
6136.13 5549.48
6137.50 5540.07
6145.14 5540.17
6148.66 5537.27
6151.45 5556.09
6162.05 5541.77
6149.49 5555.56
6161.41 5540.66
6144.06 5541.95
6155.44 5536.51
6144.89 5540.53
6163.69 5553.07
6181.93 5546.07
6179.35 5554.39
6176.06 5556.72
6163.20 5552.24
6179.49 5554.23
6181.41 5544.08
6171.53 5557.55
6163.45 5552.68
6198.53 5553.74
6183.77 5546.43
6199.44 5553.17
6184.49 5548.97
6195.24 5554.88
6187.29 5537.30
6195.69 5554.79
6185.56 5550.85
6188.74 5536.30
6232.27 5549.78
6231.35 5541.43
6231.74 5548.77
6250.50 5542.05
6230.96 5543.00
6243.70 5535.03
6250.69 5542.93
6231.95 5549.21
6230.83 5544.42
6044.40 5534.98
6043.40 5552.93
6049.18 5546.31
6045.33 5551.85
6047.32 5549.96
6049.51 5543.38
6041.78 5533.97
6048.82 5540.04
6032.27 5536.82
6125.45 5552.17
6128.77 5553.55
6128.76 5534.01
6135.69 5535.00
6126.47 5552.74
6124.01 5551.03
6131.16 5553.78
6139.74 5548.46
6120.90 5543.65
6137.25 5550.63
6141.76 5536.72
6133.49 5551.56
6134.98 5531.76
6143.02 5541.37
6136.12 5551.08
6124.60 5546.96
6141.17 5535.77
6123.04 5542.21
6152.05 5541.69
6148.40 5533.84
6135.94 5533.65
6150.30 5535.92
6151.19 5545.64
6136.72 5550.03
6134.33 5547.93
6145.56 5532.21
6133.67 5547.03
6144.50 5553.32
6138.07 5546.62
6149.38 5553.70
6152.92 5552.35
6140.88 5536.51
6148.83 5553.77
6157.68 5543.68
6150.09 5534.14
6154.78 5550.88
6175.32 5543.73
6155.43 5542.10
6155.35 5544.32
6160.70 5552.47
6161.97 5553.02
6161.43 5552.81
6171.14 5535.47
6171.86 5551.17
6157.38 5549.68
6141.66 5546.61
6146.87 5532.98
6128.11 5539.48
6147.74 5539.01
6143.09 5545.89
6131.34 5544.92
6128.48 5533.94
6139.74 5547.17
6152.10 5544.30
6150.19 5545.85
6136.72 5531.60
6149.18 5528.35
6136.31 5542.54
6137.43 5544.05
6152.13 5544.27
6135.85 5541.68
6171.84 5542.17
6169.56 5530.12
6153.13 5535.69
6172.18 5533.79
6153.16 5535.53
6172.83 5539.09
6163.30 5527.62
6036.82 5547.35
6051.98 5536.31
6039.14 5548.49
6033.18 5543.00
6034.08 5544.65
6044.19 5548.85
6035.23 5546.04
6051.70 5535.47
6032.39 5538.13
6113.81 5542.02
6103.45 5527.44
6100.62 5546.32
6096.70 5531.72
6109.58 5546.20
6095.06 5536.08
6097.43 5530.77
6095.56 5540.67
6102.60 5547.03
6096.45 5540.70
6115.52 5539.28
6096.10 5534.51
6098.65 5544.09
6115.77 5537.34
6103.85 5546.88
6103.07 5527.44
6115.75 5537.62
6104.72 5544.01
6103.53 5543.13
6105.54 5526.63
6119.00 5531.10
6103.02 5528.44
6104.95 5526.95
6111.62 5545.43
6106.21 5526.31
6110.77 5542.89
6121.91 5526.45
6107.32 5535.99
6119.93 5525.67
6109.04 5540.96
6120.53 5544.78
6117.56 5540.55
6121.57 5544.34
6135.73 5538.45
6116.99 5539.42
6118.08 5541.34
6118.63 5528.92
6135.00 5540.18
6120.93 5526.96
6119.45 5542.86
6132.91 5555.75
6138.13 5542.12
6136.08 5539.30
6136.25 5539.46
6138.29 5550.50
6119.15 5545.79
6126.13 5536.95
6136.84 5540.13
6139.02 5544.98
6144.37 5531.23
6151.09 5526.53
6154.39 5526.46
6151.86 5526.42
6149.34 5545.69
6154.84 5546.18
6154.97 5526.57
6251.81 5539.68
6251.44 5537.25
6250.16 5534.47
6249.32 5533.38
6231.84 5539.41
6233.24 5545.13
6242.78 5530.04
6237.46 5530.99
6278.66 5530.46
6266.25 5526.34
6273.96 5544.79
6279.85 5533.50
6260.37 5533.16
6266.86 5526.11
6260.95 5539.69
6260.08 5535.94
6279.06 5539.96
6285.24 5544.24
6268.98 5553.93
6265.67 5544.25
6275.01 5536.32
6265.69 5544.17
6267.26 5552.03
6268.33 5553.32
6285.11 5543.67
6275.64 5536.31
6240.31 5548.35
6237.97 5539.59
6222.08 5540.91
6240.31 5548.37
6221.69 5541.60
6220.53 5546.30
6230.86 5556.26
6238.32 5552.54
6221.58 5541.81
6220.05 5543.87
6229.79 5544.13
6215.19 5534.43
6218.94 5543.11
6231.61 5542.90
6221.60 5544.62
6216.28 5530.66
6235.01 5533.61
6224.39 5525.30
6234.34 5525.50
6240.04 5526.12
6242.00 5527.22
6244.26 5541.19
6244.27 5529.49
6226.49 5532.76
6231.64 5526.40
6233.42 5544.95
6234.39 5525.49
6117.77 5530.50
6102.63 5526.75
6116.24 5541.27
6117.48 5539.48
6112.34 5544.01
6104.71 5525.53
6106.03 5525.05
6103.97 5539.47
6120.85 5537.44
6115.52 5542.51
6113.88 5543.01
6102.52 5529.45
6142.65 5538.25
6124.93 5529.57
6126.17 5537.96
6144.16 5529.82
6127.88 5539.93
6125.17 5536.00
6125.71 5527.69
6143.72 5528.54
6128.46 5540.40
6151.02 5524.60
6140.46 5527.05
6148.24 5543.99
6137.65 5534.52
6153.51 5525.91
6157.48 5535.80
6141.14 5541.61
6157.23 5536.84
6148.16 5524.02
6112.29 5538.34
6103.76 5545.63
6093.44 5531.80
6093.91 5540.55
6101.52 5545.63
6097.69 5544.37
6112.20 5538.65
6111.23 5540.82
6108.50 5543.80
6111.11 5539.78
6114.32 5535.45
6095.07 5530.57
6103.31 5541.74
6096.05 5527.37
6098.32 5524.42
6139.63 5537.52
6142.77 5522.67
6137.69 5529.89
6145.25 5521.71
6140.78 5538.78
6138.47 5527.30
6138.47 5535.58
6156.58 5535.78
6139.41 5525.66
6094.58 5526.22
6102.51 5520.14
6108.01 5539.13
6097.27 5537.61
6097.17 5522.58
6099.07 5521.58
6093.36 5529.75
6094.03 5526.94
6094.11 5534.52
6093.49 5528.82
6094.86 5525.29
6094.59 5535.50
6101.06 5540.37
6097.16 5525.02
6099.65 5524.41
6091.14 5537.04
6103.37 5524.69
6101.71 5544.31
6110.50 5536.68
6108.89 5540.18
6090.77 5534.58
6106.98 5526.51
6159.36 5521.58
6156.77 5521.01
6146.26 5533.43
6150.19 5522.81
6161.56 5539.26
6151.57 5539.96
6165.66 5533.41
6147.34 5525.92
6156.18 5520.98
6148.90 5538.74
6154.25 5520.17
6155.26 5520.24
6159.62 5521.87
6154.61 5540.15
6156.00 5520.36
6145.02 5534.46
6144.18 5531.75
6126.29 5534.36
6128.57 5528.49
6114.44 5537.09
6127.62 5532.27
6123.70 5536.58
6121.65 5537.51
6128.39 5526.07
6128.05 5524.77
6133.83 5538.96
6138.66 5527.83
6129.81 5540.19
6120.32 5535.28
6132.52 5539.57
6138.87 5531.46
6124.02 5538.93
6120.15 5534.98
6126.01 5520.67
6134.17 5525.60
6133.65 5531.89
6130.51 5520.01
6126.63 5537.72
6125.29 5518.00
6130.46 5519.97
6120.64 5518.71
6129.08 5520.12
6145.09 5530.19
6127.62 5534.23
6141.69 5520.15
6137.01 5537.76
6143.29 5521.80
6144.06 5532.83
6130.66 5536.72
6138.43 5537.42
6131.88 5520.13
6128.68 5535.42
6142.49 5521.14
6133.67 5538.68
6140.03 5519.75
6130.50 5537.14
6126.56 5527.24
6143.02 5536.55
6138.73 5519.34
6137.65 5527.34
6140.40 5522.05
6143.32 5538.17
6140.93 5521.55
6139.29 5523.37
6150.72 5538.56
6137.54 5530.02
6148.16 5519.11
6150.62 5522.90
6142.24 5537.87
6143.98 5537.66
6146.58 5536.73
6132.29 5525.26
6137.68 5536.92
6137.06 5536.60
6132.43 5524.79
6145.67 5537.15
6169.97 5529.46
6166.22 5536.46
6168.67 5533.62
6161.40 5518.73
6163.38 5519.22
6161.89 5538.45
6169.77 5530.74
6168.31 5523.06
6168.04 5534.58
6142.11 5533.71
6140.34 5516.27
6127.70 5530.35
6127.89 5520.28
6137.98 5535.36
6138.59 5535.24
6138.51 5515.70
6135.26 5515.55
6128.09 5519.96
6080.80 5502.83
6072.62 5507.43
6085.08 5521.97
6086.79 5504.66
6088.13 5505.79
6086.74 5521.04
6085.10 5521.96
6073.48 5506.28
6091.03 5512.96
6085.68 5517.68
6077.46 5499.91
6079.15 5499.67
6069.74 5509.06
6069.80 5510.89
6072.58 5502.64
6088.08 5515.14
6081.89 5519.41
6074.94 5500.87
6102.89 5524.54
6119.27 5527.34
6120.94 5524.98
6118.31 5528.22
6106.43 5512.16
6030.74 5480.83
6027.91 5462.49
6028.25 5481.88
6021.21 5463.26
6034.85 5468.33
6035.62 5472.90
6020.94 5463.41
6218.93 5287.67
6199.68 5282.45
6199.36 5287.98
6218.46 5289.31
6203.67 5294.16
5985.36 5442.71
5998.10 5455.39
6004.11 5442.25
5996.10 5436.02
5990.89 5436.74
5992.03 5455.54
5984.88 5447.02
5988.42 5453.62
5995.04 5435.94
6263.27 5448.44
6260.19 5428.90
6260.96 5428.69
6270.43 5431.56
6256.46 5431.04
6265.46 5428.70
6255.21 5432.40
6262.95 5428.44
6251.75 5448.11
6255.53 5429.31
6244.85 5446.15
6245.77 5429.54
6114.67 5440.71
6133.53 5436.18
6114.42 5440.21
6130.23 5428.66
6122.96 5446.06
6114.34 5440.03
6118.30 5427.56
6124.91 5426.18
6123.77 5446.08
6128.23 5431.62
6133.90 5422.37
6132.13 5423.45
6131.31 5438.60
6148.21 5431.94
6147.70 5434.60
6130.06 5425.61
6146.60 5436.86
6129.58 5422.16
6127.54 5428.87
6145.99 5433.56
6139.14 5418.37
6141.79 5437.28
6131.64 5436.33
6138.96 5438.14
6134.12 5418.84
6146.11 5433.36
6048.75 5409.79
6052.04 5417.94
6050.18 5411.39
6038.82 5407.77
6037.45 5408.36
6051.56 5420.34
6032.54 5414.16
6037.77 5408.20
6045.84 5407.97
6139.17 5392.01
6142.06 5388.80
6156.00 5402.77
6156.52 5401.96
6156.35 5402.25
6139.88 5402.93
6138.00 5398.45
6136.71 5403.62
6135.76 5407.69
6136.82 5403.38
6155.02 5404.09
6141.44 5416.89
6138.90 5400.59
6137.26 5413.15
6151.97 5415.71
6155.98 5399.75
6155.56 5400.56
6136.92 5395.75
6156.92 5395.78
6146.82 5385.53
6153.98 5402.62
6138.65 5401.15
6078.07 5403.48
6062.53 5394.32
6074.31 5405.01
6082.34 5393.43
6075.48 5385.64
6063.24 5391.39
6081.70 5391.28
6074.19 5405.03
6065.05 5388.50
6161.95 5367.51
6149.04 5364.67
6147.49 5361.49
6157.27 5348.76
6166.23 5354.65
6158.05 5348.80
6211.10 5338.04
6204.32 5334.72
6218.58 5320.73
6210.12 5337.92
6221.77 5328.54
6213.26 5337.95
6208.76 5318.53
6201.79 5327.57
6204.27 5321.46
6203.08 5322.41
6203.29 5322.06
6207.09 5318.51
6205.43 5335.07
6220.50 5332.23
6214.17 5317.63
6202.52 5323.56
6214.65 5317.76
6203.78 5321.34
6272.88 5296.46
6264.97 5298.89
6237.43 5251.28
6227.28 5264.35
6226.96 5259.43
6246.50 5258.89
6228.99 5267.52
6236.07 5271.23
6226.85 5260.15
6231.96 5270.01
6237.56 5271.23
6111.08 5251.79
6119.98 5267.79
6109.08 5258.62
6118.09 5247.88
6128.92 5256.20
6114.51 5248.92
6245.66 5265.63
6231.46 5264.19
6239.16 5247.94
6249.09 5259.81
6230.48 5253.17
6231.02 5252.29
6233.31 5265.97
6244.03 5249.14
6229.66 5260.70
5985.25 5427.53
5977.77 5417.59
5965.57 5424.75
5978.42 5417.79
5973.65 5437.14
5966.64 5432.35
5984.16 5431.82
5971.58 5417.97
5983.05 5421.01
6151.10 5418.12
6137.73 5431.60
6141.26 5432.61
6151.92 5420.40
6132.49 5425.11
6138.82 5413.23
6132.91 5426.41
6141.63 5432.63
6132.74 5425.94
6149.83 5414.31
6136.80 5428.66
6138.28 5429.29
6145.34 5429.04
6145.90 5428.79
6151.36 5418.28
6137.02 5410.87
6148.46 5426.99
6133.61 5410.02
6137.18 5392.80
6134.08 5410.39
6131.05 5398.03
6131.61 5397.04
6130.19 5404.00
6141.48 5392.48
6221.52 5259.77
6234.91 5271.30
6233.97 5271.62
6226.09 5253.44
6222.71 5256.82
6225.73 5270.31
6225.91 5270.43
6234.64 5271.40
6121.66 5511.70
6105.97 5510.39
6109.64 5496.07
6123.54 5501.00
6112.41 5495.09
6119.78 5513.28
6122.03 5498.52
6208.32 5271.97
6227.22 5277.11
6226.83 5279.32
6226.94 5278.94
6001.89 5570.43
5986.82 5574.71
5984.78 5560.44
6002.06 5563.19
5990.49 5556.83
5987.02 5574.85
5994.18 5556.71
5990.96 5556.74
5989.11 5575.94
6177.97 5488.33
6182.29 5475.93
6177.63 5488.52
6181.96 5475.20
6180.32 5486.47
6172.36 5489.63
6163.97 5483.92
6165.93 5486.71
6164.11 5484.22
5999.32 5494.68
6012.05 5506.54
5999.38 5494.66
6010.94 5509.28
5993.59 5499.35
5993.81 5509.48
6001.36 5514.17
6009.12 5496.89
6009.58 5511.10
6063.32 5509.57
6067.30 5503.18
6063.32 5509.58
6068.23 5502.58
6065.28 5505.13
6070.72 5501.58
6063.42 5509.07
6063.47 5513.73
6079.69 5518.86
6150.94 5399.60
6161.93 5389.44
6159.98 5383.71
6159.35 5382.94
6154.50 5399.31
6149.31 5380.00
6142.86 5393.85
6142.19 5391.92
6139.48 5395.96
6158.99 5392.59
6151.46 5385.87
6158.80 5399.28
6152.45 5405.22
6141.83 5389.23
6151.03 5405.55
6158.24 5400.49
6150.29 5336.55
6165.80 5347.85
6165.67 5331.91
6163.89 5349.01
6169.20 5343.04
6164.78 5348.55
6163.87 5330.84
6164.80 5331.33
6168.15 5334.57
6206.70 5422.35
6209.35 5426.70
6225.36 5415.31
6208.49 5425.76
6208.23 5425.43
6226.09 5421.42
6226.28 5419.34
6217.26 5409.54
6225.29 5415.16
5975.13 5412.20
5982.98 5423.99
5967.01 5429.88
5967.79 5430.43
5963.19 5422.41
5963.70 5425.18
5977.31 5412.90
5967.42 5430.19
6249.39 5261.08
6237.20 5273.57
6240.35 5273.90
6248.10 5269.48
6232.34 5270.57
6234.91 5255.18
6230.15 5261.28
6233.25 5271.47
6229.88 5265.19
6205.95 5280.34
5977.16 5256.55
5982.10 5243.11
5991.20 5260.89
5976.23 5251.25
5989.26 5261.75
5981.36 5243.48
5980.64 5243.92
5976.24 5253.31
5977.86 5246.69
5974.08 5553.41
5988.53 5543.69
5994.05 5552.36
5989.05 5543.97
5992.39 5558.15
5975.52 5557.85
5993.76 5555.01
5993.43 5549.15
5981.75 5562.36
6044.90 5376.44
6045.79 5356.67
6050.29 5358.82
6053.67 5364.47
6035.83 5360.56
6053.37 5369.64
6053.43 5369.47
6053.17 5362.80
6053.77 5367.94
5989.50 5431.61
5998.75 5423.16
5994.89 5413.64
5981.65 5428.55
5997.52 5426.65
5984.08 5412.85
5995.49 5414.13
5982.01 5428.91
5998.53 5424.22
6093.97 5557.01
6083.79 5573.95
6078.20 5561.14
6096.96 5568.08
6092.52 5556.01
6081.18 5556.98
6089.95 5574.39
6094.30 5572.06
6097.39 5562.90
6119.44 5414.35
6106.24 5429.32
6119.57 5428.27
6120.59 5427.00
6102.79 5424.40
6115.76 5430.77
6117.82 5429.73
6117.52 5429.92
6105.38 5414.18
6041.59 5479.29
6035.87 5480.27
6043.82 5477.78
6037.12 5460.35
6034.09 5460.82
6029.35 5481.14
6038.44 5487.75
6044.83 5485.71
6045.91 5470.77
6043.12 5468.76
6037.94 5459.20
6043.26 5460.27
6036.16 5459.50
6043.67 5460.49
6045.33 5461.68
6039.58 5479.13
6031.42 5462.31
6141.29 5290.35
6139.89 5271.20
6129.10 5285.92
6134.62 5290.46
6138.22 5270.99
6147.64 5282.76
6141.50 5290.27
6128.07 5283.30
6142.92 5272.39
6174.08 5293.54
6164.44 5291.40
6167.03 5274.86
6163.69 5290.65
6170.09 5293.92
6169.14 5293.78
6176.60 5275.60
6173.14 5293.78
6191.77 5277.94
6192.01 5296.69
6187.04 5277.45
6182.64 5295.53
6194.15 5279.17
6194.20 5279.21
6196.85 5282.00
6334.61 5506.89
6338.57 5494.11
6325.24 5507.35
6335.65 5506.17
6327.85 5488.44
6337.50 5492.31
6322.42 5491.23
6325.90 5507.63
6319.85 5495.65
6287.31 5583.57
6295.03 5579.30
6278.85 5579.60
6282.25 5582.47
6278.44 5568.15
6281.51 5582.04
6276.83 5573.68
6278.77 5567.66
6288.33 5563.69
6353.93 5554.57
6355.97 5550.69
6365.33 5567.01
6373.18 5559.98
6355.17 5562.56
6360.88 5547.54
6359.15 5548.20
6373.33 5554.90
6355.61 5551.14
6383.74 5552.89
6364.93 5555.04
6374.96 5547.16
6370.88 5547.92
6379.18 5566.10
6380.64 5565.21
6371.67 5566.69
6364.77 5555.99
6364.80 5558.56
6294.35 5561.44
6296.67 5553.04
6295.52 5559.79
6296.13 5551.16
6281.02 5562.99
6277.21 5552.13
6283.16 5545.55
6290.30 5545.47
6288.88 5545.06
6282.72 5543.66
6293.55 5560.45
6294.83 5559.37
6279.65 5558.16
6297.51 5554.48
6279.83 5546.19
6294.27 5544.72
6284.54 5561.77
6296.67 5556.81
6295.46 5539.22
6286.62 5542.89
6302.58 5554.93
6287.14 5542.29
6286.95 5555.82
6297.17 5539.55
6294.70 5559.16
6299.14 5557.97
6297.24 5539.57
6307.74 5545.89
6287.98 5548.60
6303.37 5538.23
6292.29 5554.88
6297.81 5556.51
6301.18 5537.11
6296.63 5556.45
6298.27 5536.52
6296.32 5536.61
6284.06 5535.48
6288.86 5531.17
6301.52 5535.50
6300.18 5533.65
6302.37 5537.52
6282.79 5540.92
6285.18 5546.87
6283.28 5543.48
6295.29 5530.69
6287.24 5551.37
6285.85 5539.82
6285.17 5541.35
6300.94 5536.87
6287.60 5551.74
6298.27 5535.31
6304.44 5546.49
6285.88 5539.76
6318.65 5534.67
6302.88 5530.26
6318.08 5542.63
6312.95 5547.27
6314.69 5546.36
6299.35 5539.58
6317.50 5543.59
6318.21 5533.61
6317.81 5543.11
6292.33 5545.76
6308.46 5539.37
6304.62 5545.89
6291.99 5545.47
6297.13 5528.03
6307.33 5533.12
6288.65 5536.59
6308.40 5539.69
6375.64 5536.93
6391.42 5529.90
6379.93 5546.27
6385.93 5548.01
6387.04 5547.91
6389.48 5528.81
6375.88 5540.44
6375.88 5540.46
6380.06 5546.36
6319.52 5540.54
6301.79 5531.78
6306.86 5543.78
6318.52 5541.76
6304.45 5527.55
6310.20 5544.77
6312.21 5524.87
6304.06 5541.72
6321.31 5534.96
6305.90 5510.34
6313.34 5513.58
6306.99 5530.29
6307.47 5510.45
6308.88 5529.91
6311.15 5528.90
6296.18 5522.36
6295.97 5520.35
6312.83 5507.55
6316.58 5508.72
6318.20 5509.83
6321.49 5515.15
6313.23 5507.60
6308.84 5527.05
6321.74 5518.26
6319.36 5524.01
6397.74 5508.97
6394.32 5510.09
6407.30 5524.57
6405.19 5526.80
6383.58 5508.52
6393.22 5526.04
6388.53 5527.36
6397.08 5512.66
6378.34 5518.68
6379.51 5522.22
6384.89 5507.94
6393.33 5525.97
6388.06 5527.36
6295.41 5499.81
6304.75 5512.03
6286.28 5504.90
6289.68 5501.33
6292.94 5500.01
6304.99 5510.19
6286.82 5515.55
6304.08 5513.99
6336.73 5512.47
6342.85 5504.03
6323.28 5500.45
6323.01 5504.82
6325.10 5496.96
6326.24 5495.76
6341.93 5507.50
6339.80 5510.46
6336.47 5512.57
6314.62 5508.39
6313.69 5495.05
6319.99 5491.33
6317.21 5492.20
6317.16 5510.17
6316.79 5492.41
6331.56 5500.67
6330.17 5495.87
6347.57 5504.67
6336.19 5488.97
6341.46 5488.40
6344.19 5489.25
6348.00 5504.10
6332.94 5491.07
6359.73 5506.60
6360.32 5490.10
6361.25 5505.42
6355.99 5508.02
6346.83 5491.60
6344.38 5498.01
6347.58 5505.48
6351.69 5507.78
6349.43 5489.46
6362.85 5488.30
6356.97 5507.36
6362.62 5507.85
6356.74 5507.27
6370.32 5495.60
6367.69 5505.13
6363.95 5507.48
6350.93 5495.58
6370.57 5499.01
6320.95 5482.18
6312.75 5483.88
6324.11 5483.52
6310.24 5486.57
6323.13 5500.88
6327.83 5495.97
6320.56 5501.74
6327.08 5486.48
6320.37 5482.06
6355.38 5481.84
6349.01 5490.80
6355.39 5481.35
6343.56 5491.31
6353.64 5475.83
6342.80 5471.82
6338.33 5488.56
6335.49 5480.08
6355.34 5482.49
6350.26 5476.50
6346.90 5456.93
6347.86 5476.32
6340.09 5468.96
6346.82 5476.06
6342.50 5473.36
6372.94 5449.35
6382.70 5454.87
6390.11 5450.61
6382.04 5454.90
6379.22 5454.53
6379.27 5435.25
6371.90 5444.58
6371.90 5444.67
6303.74 5434.06
6298.86 5440.82
6303.14 5451.09
6311.14 5433.07
6318.66 5442.33
6300.86 5449.00
6302.38 5434.99
6303.04 5434.49
6318.50 5444.58
6394.98 5431.47
6401.95 5441.06
6384.07 5434.84
6398.40 5448.65
6382.32 5438.29
6381.96 5441.34
6401.80 5439.28
6401.89 5439.95
6389.05 5450.57
6290.12 5447.66
6280.17 5445.20
6288.65 5428.20
6281.30 5430.01
6296.67 5441.30
6280.56 5445.57
6296.90 5435.68
6288.15 5428.14
6279.22 5444.12
6357.54 5417.29
6358.00 5417.14
6369.68 5421.74
6365.15 5435.77
6350.99 5426.87
6368.38 5433.41
6353.01 5420.66
6353.23 5432.99
6353.48 5420.07
6360.36 5416.15
6370.06 5432.69
6352.78 5425.27
6353.80 5430.30
6370.98 5420.17
6356.51 5418.05
6352.91 5424.15
6356.31 5418.22
6352.78 5425.18
6296.61 5426.08
6284.85 5419.57
6281.89 5420.79
6279.33 5435.54
6284.81 5419.57
6296.51 5432.78
6278.06 5433.50
6297.80 5429.51
6301.76 5421.28
6302.44 5437.69
6299.53 5434.87
6317.53 5431.54
6300.72 5436.32
6300.14 5422.82
6314.43 5421.76
6320.98 5412.94
6313.66 5429.25
6303.36 5420.89
6320.81 5412.74
6322.86 5421.96
6322.98 5421.48
6311.50 5427.24
6306.99 5424.85
6312.27 5427.39
6314.85 5427.44
6322.47 5412.57
6302.03 5421.08
6285.73 5409.50
6296.92 5424.73
6288.98 5406.51
6286.65 5422.00
6285.66 5409.61
6284.92 5419.45
6367.13 5420.21
6376.01 5407.19
6368.18 5400.38
6366.87 5420.22
6366.81 5400.24
6359.13 5417.01
6360.72 5402.06
6357.58 5405.67
6359.70 5417.58
6406.85 5260.51
6410.27 5265.19
6410.37 5271.55
6407.52 5275.95
6541.00 5475.22
6539.39 5492.09
6542.46 5476.61
6525.68 5487.02
6532.76 5473.38
6524.91 5483.66
6537.06 5473.39
6540.52 5491.42
6541.39 5475.55
6579.38 5445.83
6593.74 5456.55
6581.39 5453.87
6579.26 5448.62
6579.92 5451.35
6588.48 5437.67
6589.75 5437.65
6599.21 5447.94
6598.70 5444.47
6560.49 5556.43
6563.65 5573.37
6574.17 5571.00
6574.05 5571.12
6566.90 5573.97
6572.96 5555.89
6346.52 5523.38
6345.23 5535.09
6329.82 5534.33
6333.86 5537.53
6330.82 5535.47
6328.42 5524.99
6347.60 5526.16
6329.03 5533.08
6328.51 5531.94
6277.46 5481.92
6278.50 5484.63
6278.10 5483.83
6297.19 5480.47
6287.00 5489.74
6295.01 5473.47
6293.31 5471.81
6283.16 5488.88
6296.54 5476.12
6292.65 5497.23
6302.52 5500.41
6290.21 5490.24
6296.04 5481.59
6300.43 5480.68
6301.52 5480.77
6309.18 5495.08
6290.25 5491.72
6304.17 5481.50
6317.14 5526.76
6323.08 5511.58
6319.85 5508.47
6310.31 5508.08
6305.01 5514.65
6306.99 5510.71
6323.17 5511.71
6315.96 5526.98
6306.19 5511.84
6364.39 5467.54
6359.02 5450.04
6363.89 5452.00
6365.84 5453.96
6357.03 5450.00
6359.91 5469.76
6355.57 5469.71
6359.47 5469.84
6367.65 5461.97
6314.41 5451.98
6316.41 5454.00
6303.50 5468.68
6317.41 5455.69
6317.42 5464.18
6318.35 5459.40
6306.03 5469.67
6300.05 5465.50
6313.41 5451.31
6446.05 5469.32
6445.34 5468.37
6444.09 5482.45
6447.14 5471.56
6447.47 5472.77
6430.77 5482.01
6444.84 5481.75
6405.66 5440.96
6407.40 5442.51
6411.05 5424.54
6405.18 5440.38
6422.92 5436.42
6405.97 5427.35
6410.64 5424.64
6406.62 5426.74
6422.40 5430.53
6295.29 5431.87
6300.07 5434.74
6296.52 5432.99
6292.96 5427.65
6298.60 5415.91
6295.37 5418.18
6305.20 5415.41
6312.16 5431.07
6305.71 5449.89
6307.40 5450.14
6314.97 5447.33
6300.69 5446.98
6317.81 5438.21
6301.05 5447.35
6317.99 5439.79
6308.03 5430.16
6322.95 5436.40
6315.43 5432.80
6305.51 5445.01
6324.61 5439.26
6313.11 5452.57
6318.00 5452.42
6501.23 5367.76
6494.83 5367.62
6505.05 5365.55
6493.34 5349.51
6488.25 5357.87
6504.08 5350.10
6494.98 5367.67
6382.02 5376.98
6380.84 5374.06
6387.34 5381.29
6383.87 5379.23
6399.91 5368.21
6382.97 5378.30
6382.97 5378.31
6395.85 5363.33
6380.63 5370.98
6434.56 5287.78
6423.54 5248.87
6421.49 5268.72
6420.75 5268.66
6412.94 5254.28
6413.71 5264.47
6430.57 5253.77
6412.29 5255.92
6423.85 5268.54
6425.29 5249.32
6510.26 5507.27
6506.40 5502.88
6491.61 5514.41
6506.66 5519.72
6501.39 5501.38
6510.83 5508.93
6494.11 5518.49
6494.93 5519.21
6505.91 5520.17
6351.87 5504.29
6348.95 5516.48
6348.26 5514.52
6365.42 5505.51
6366.73 5517.06
6359.23 5522.12
6365.99 5506.20
6367.98 5511.70
6364.05 5504.24
6342.12 5512.49
6343.85 5510.24
6346.39 5526.34
6349.58 5507.47
6342.64 5511.67
6353.09 5527.13
6360.71 5519.02
6360.70 5515.73
6352.87 5466.16
6353.55 5466.15
6362.64 5453.31
6347.09 5464.18
6360.28 5449.24
6374.33 5426.71
6356.65 5431.61
6367.58 5434.81
6374.43 5425.29
6366.24 5435.16
6361.89 5415.65
6354.65 5423.22
6363.80 5435.30
6374.42 5424.95
6283.70 5427.73
6284.53 5428.94
6286.45 5430.78
6293.96 5432.57
6282.52 5420.82
6282.79 5425.65
6290.48 5412.87
6289.02 5413.27
6461.49 5325.89
6458.06 5315.34
6453.15 5333.10
6450.10 5313.34
6461.84 5322.50
6442.59 5319.43
6461.81 5322.16
6379.22 5397.14
6365.41 5404.60
6362.71 5402.88
6379.21 5393.66
6376.71 5388.63
6366.67 5405.05
6359.52 5393.71
6376.94 5388.88
6374.07 5404.25
6366.58 5416.04
6358.34 5412.50
6359.75 5398.25
6375.83 5404.26
6356.46 5403.02
6373.11 5413.08
6358.47 5399.46
6367.12 5416.00
6357.68 5414.63
6370.22 5429.93
6371.98 5427.23
6353.22 5420.44
6370.18 5416.42
6364.97 5432.97
6366.72 5432.41
6353.49 5419.63
6372.31 5426.38
6347.78 5477.48
6358.82 5469.01
6339.53 5470.95
6345.16 5476.81
6358.92 5467.20
6339.46 5470.77
6342.01 5507.16
6332.33 5489.67
6347.44 5498.02
6346.90 5501.50
6347.21 5496.15
6334.89 5507.94
6328.43 5502.61
6331.34 5506.20
6316.58 5531.41
6335.86 5536.26
6322.72 5525.43
6325.20 5524.93
6316.01 5535.98
6318.52 5529.61
6317.37 5531.45
6325.60 5525.82
6327.32 5525.83
6334.59 5541.50
6323.41 5526.24
6317.13 5532.00
6316.40 5536.41
6326.21 5545.79
6373.82 5410.60
6357.23 5406.15
6371.39 5406.37
6357.14 5420.40
6372.00 5407.07
6362.28 5403.51
6354.41 5415.35
6374.20 5413.64
6374.20 5413.01
6575.83 5540.29
6569.89 5543.61
6577.71 5537.04
6558.55 5531.38
6570.16 5543.56
6560.42 5527.54
6571.45 5543.22
6560.95 5540.55
6558.57 5531.32
6369.53 5451.18
6376.57 5452.70
6365.59 5446.19
6370.60 5433.84
6376.37 5452.73
6378.16 5433.33
6381.56 5435.26
6371.39 5433.50
6375.17 5432.82
6297.18 5419.95
6283.59 5408.37
6288.34 5419.41
6292.49 5400.76
6292.05 5419.28
6295.64 5418.67
6283.95 5414.93
6300.19 5415.30
6300.78 5414.41
6285.55 5416.75
6463.27 5392.39
6455.47 5403.45
6447.92 5402.08
6462.95 5390.87
6443.61 5391.41
6449.16 5384.60
6459.33 5385.66
6444.18 5397.67
6457.07 5402.96
6489.76 5366.67
6482.96 5360.35
6472.48 5363.80
6490.30 5370.71
6483.37 5360.47
6485.87 5378.33
6474.43 5361.92
6483.64 5360.56
6495.84 5367.48
6477.97 5366.28
6478.26 5357.95
6477.39 5364.37
6496.15 5366.90
6477.24 5363.38
6487.40 5352.44
6486.47 5372.41
6496.22 5348.52
6495.86 5353.05
6497.22 5346.34
6515.63 5350.01
6515.75 5351.52
6497.66 5345.68
6499.78 5340.51
6519.68 5340.00
6500.15 5336.35
6519.16 5336.02
6540.96 5336.61
6529.25 5335.37
6526.45 5331.05
6537.44 5318.06
6544.78 5332.66
6536.08 5337.95
6526.02 5326.86
6537.83 5318.13
6533.75 5318.20
6654.31 5581.13
6651.09 5561.41
6648.40 5562.14
6642.35 5571.76
6642.38 5570.45
6662.31 5572.16
6660.72 5565.87
6644.17 5577.09
6589.86 5449.72
6605.79 5457.28
6606.54 5456.66
6603.23 5458.64
6589.86 5448.71
6592.47 5442.48
6591.51 5443.71
6591.55 5443.65
6904.46 5421.61
6906.43 5422.20
6909.38 5438.76
6907.98 5423.02
6910.95 5425.97
6898.50 5440.56
6892.60 5430.70
6897.36 5439.96
6911.69 5435.52
6796.78 5407.48
6792.44 5390.06
6790.40 5409.84
6787.44 5409.41
6786.17 5408.93
6784.81 5391.50
6786.68 5390.53
6783.35 5392.68
6787.68 5409.48
6844.02 5308.47
6843.38 5307.93
6859.67 5297.51
6854.82 5291.73
6841.78 5295.09
6841.29 5305.21
6840.39 5302.74
6858.29 5306.38
6795.38 5276.26
6791.08 5263.96
6777.20 5277.23
6782.52 5263.26
6789.97 5281.82
6778.69 5265.86
6794.11 5266.66
6792.62 5280.17
6773.36 5533.73
6773.24 5533.67
6771.16 5532.41
6787.22 5522.90
6784.49 5531.57
6780.55 5515.08
6770.38 5531.72
6769.02 5530.08
6772.40 5533.25
6775.27 5506.43
6773.29 5525.09
6787.69 5515.37
6784.78 5523.22
6787.45 5518.43
6771.56 5524.01
6770.95 5523.49
6777.45 5526.13
6787.27 5513.15
6792.42 5498.79
6794.05 5508.44
6779.14 5496.72
6791.21 5497.53
6794.21 5502.16
6778.33 5497.31
6789.12 5496.13
6774.98 5502.50
6792.89 5510.72
6875.52 5459.30
6877.23 5462.56
6894.73 5459.05
6894.93 5454.60
6889.56 5465.32
6878.50 5463.90
6884.39 5446.40
6890.29 5464.92
6884.31 5466.35
6662.65 5442.08
6661.70 5423.56
6652.25 5425.15
6658.61 5443.01
6668.42 5432.40
6652.44 5441.01
6656.49 5423.20
6666.37 5439.10
6649.51 5437.51
6650.29 5433.29
6665.88 5442.44
6661.30 5424.23
6669.17 5429.67
6666.53 5426.40
6662.43 5424.42
6653.60 5441.65
6664.10 5424.95
6667.14 5441.43
6705.55 5257.51
6708.77 5276.99
6699.42 5263.36
6698.99 5269.22
6699.64 5262.84
6708.70 5276.99
6701.15 5273.51
6715.64 5274.23
6703.23 5275.33
6675.04 5555.85
6661.54 5560.03
6679.99 5561.95
6673.57 5555.22
6680.36 5565.39
6668.01 5554.98
6663.89 5572.30
6662.76 5558.22
6662.91 5571.35
6615.81 5443.12
6611.81 5448.92
6615.07 5445.14
6596.17 5441.76
6612.42 5432.94
6601.87 5431.65
6608.74 5450.35
6609.58 5431.32
6600.33 5448.86
6719.68 5417.71
6728.79 5419.74
6722.10 5437.36
6732.12 5425.37
6718.30 5418.20
6732.03 5424.96
6714.11 5421.65
6712.49 5429.22
6718.17 5436.46
6726.84 5422.41
6717.91 5417.78
6720.79 5418.06
6708.45 5428.72
6723.86 5419.39
6716.86 5437.65
6713.40 5419.11
6717.95 5437.76
6725.39 5420.62
6686.96 5434.14
6698.80 5424.58
6693.99 5443.96
6698.29 5444.32
6690.84 5442.32
6701.21 5443.46
6700.13 5443.89
6697.67 5444.38
6689.52 5427.73
6672.72 5337.90
6681.22 5319.80
6681.28 5337.85
6860.15 5292.77
6860.10 5292.58
6842.04 5300.44
6853.61 5304.38
6846.46 5304.12
6840.59 5296.95
6844.15 5287.09
6854.09 5304.21
6652.92 5310.65
6635.62 5320.20
6634.90 5319.13
6638.86 5305.23
6651.04 5307.47
6646.20 5323.72
6651.49 5320.14
6652.22 5319.02
6653.53 5314.10
6836.82 5300.00
6839.14 5300.83
6846.46 5282.49
6833.68 5297.51
6834.07 5297.95
6831.64 5288.61
6850.90 5288.17
6835.15 5283.21
6848.18 5298.35
6775.94 5260.38
6764.80 5263.42
6770.52 5279.58
6770.79 5259.93
6775.57 5279.30
6780.60 5263.88
6773.42 5259.82
6867.87 5453.23
6886.55 5454.13
6883.58 5464.78
6867.92 5453.12
6887.00 5458.08
6867.33 5459.61
6871.88 5465.79
6883.56 5449.64
6869.44 5463.71
6827.10 5468.28
6832.24 5464.83
6839.84 5483.18
6843.89 5469.93
6835.14 5464.45
6837.24 5484.19
6829.04 5466.40
6830.20 5465.66
6836.49 5484.33
6775.39 5516.17
6791.16 5504.42
6773.14 5504.59
6789.16 5516.01
6774.42 5515.14
6782.60 5518.83
6775.34 5501.55
6775.30 5501.59
6772.44 5506.62
6772.57 5541.52
6779.26 5557.44
6761.39 5552.97
6771.03 5561.43
6778.46 5558.38
6766.14 5542.84
6761.44 5553.28
6767.53 5542.15
6770.01 5541.51
6749.62 5553.34
6747.52 5553.76
6760.28 5561.17
6740.90 5560.55
6744.75 5571.47
6744.50 5555.30
6760.21 5565.74
6748.17 5573.02
6740.58 5562.09
6825.63 5259.95
6832.59 5270.62
6830.19 5262.93
6812.97 5271.99
6812.67 5268.94
6825.67 5279.02
6832.61 5268.65
6824.60 5279.30
6812.82 5271.34
6766.41 5257.42
6768.44 5269.75
6769.97 5253.75
6781.94 5269.65
6783.41 5256.71
6765.78 5265.86
6765.15 5263.02
6858.41 5409.15
6850.19 5415.06
6851.53 5425.37
6854.83 5410.18
6852.57 5426.48
6621.73 5339.20
6613.62 5342.63
6614.23 5342.65
6619.93 5340.83
6894.33 5266.98
6877.96 5264.52
6876.99 5260.71
6893.93 5253.01
6877.75 5264.06
6887.83 5270.16
6887.52 5250.21
6878.30 5265.16
6877.76 5264.08
6845.77 5425.59
6862.50 5415.63
6857.57 5427.53
6843.52 5421.91
6842.98 5419.17
6856.42 5409.26
6858.77 5426.80
6842.97 5418.70
